height_th = 0.00794093643656
 samples = 40000height_th = 0.00794084830856
 samples = 40000